$ 1 0.000005 4.818269829109882 61 5 43 5e-11
s 176 64 176 144 0 1 true
s 256 64 256 144 0 1 true
s 336 64 336 144 0 1 true
s 176 192 176 272 0 1 true
s 256 192 256 272 0 1 true
s 336 192 336 272 0 1 true
w 336 64 256 64 0
w 256 64 176 64 0
w 336 64 416 64 0
w 176 192 256 192 0
w 256 192 336 192 0
w 336 192 416 192 0
w 176 144 160 144 0
w 160 144 160 272 0
w 160 272 176 272 0
w 160 272 160 336 0
w 256 272 240 272 0
w 256 144 240 144 0
w 240 144 240 272 0
w 240 272 240 336 0
w 336 272 320 272 0
w 336 144 320 144 0
w 320 144 320 272 0
w 320 272 320 336 0
r 400 336 320 336 0 1000
r 320 336 240 336 0 1000
r 240 336 160 336 0 1000
g 400 336 400 368 0 0
p 416 192 416 256 1 0 0
p 416 64 416 128 1 0 0
g 416 128 416 144 0 0
g 416 256 416 272 0 0
R 160 336 160 368 0 0 40 5 0 0 0.5
185 560 112 672 112 0 2
162 688 112 768 112 2 default-led 1 1 0 0.01
162 688 144 768 144 2 default-led 1 1 0 0.01
162 688 176 768 176 2 default-led 1 1 0 0.01
w 768 112 768 144 0
w 768 144 768 176 0
g 768 144 784 144 0 0
R 560 112 528 112 0 0 40 5 0 0 0.5
L 592 272 592 320 0 1 false 5 0
L 624 272 624 320 0 0 false 5 0
162 688 208 768 208 2 default-led 1 0 0 0.01
g 768 208 784 208 0 0
189 544 -32 640 -32 0 3 0
L 544 0 496 0 0 0 false 5 0
M 608 -64 608 -112 0 2.5
M 640 -64 640 -112 0 2.5
M 672 -64 672 -112 0 2.5
L 544 32 496 32 0 0 false 5 0
o 28 64 0 4098 0.0000762939453125 0.1 0 1
o 29 64 0 4098 0.0000762939453125 0.1 1 1
